System:____________________________________
Lenovo X220
Intel(R) Core(TM) i5-2520M CPU @ 2,50GHz
Cores	2
Threads	4
L1 Data Cache	2 x 32 KBytes
L1 Instructions Cache	2 x 32 KBytes
L2 Cache	2 x 256 KBytes
L3 Cache	3072 KBytes
___________________________________________

1, Multiplication Single thread

Dimension	 Time	 L1_DCM	 L2_DCM
600	1,255	277022781	27419999
1000	8,081	1376264513	125524030
1400	22,355	4041331685	355590568
1800	53,026	9153385672	825615741
2200	118,815	17754144170	6259649311
2600	213,935	31025435723	17126295162
3000	353,084	50339477777	33480415063

2, Multiplication Multi thread (OpenMP) - Working threads: 1

TODO

2, Multiplication Multi thread (OpenMP) - Working threads: 2

Dimension	 Time	 L1_DCM	 L2_DCM
600	1,494	163472840	13882730
1000	4,170	724897546	76807886
1400	14,326	2206126734	207999793
1800	29,682	4873024886	424014214
2200	54,198	9311809580	760353272
2600	92,169	16101322141	1884018434
3000	166,271	25940806301	5027428936

2, Multiplication Multi thread (OpenMP) - Working threads: 3

Dimension	 Time	 L1_DCM	 L2_DCM
600	0,581	78026125	12008237
1000	6,054	503006711	52291516
1400	18,613	1421329874	142671350
1800	40,306	3330808128	299723885
2200	75,506	6339033303	799054380
2600	130,613	10946924585	2620676805
3000	210,094	17588771294	2959740455

2, Multiplication Multi thread (OpenMP) - Working threads: 4

Dimension	 Time	 L1_DCM	 L2_DCM
600	0,527	33584725	14135182
1000	3,165	402674319	50243341
1400	12,690	1195595060	132769059
1800	31,717	2612179144	239419605
2200	58,978	4899448932	427494994
2600	99,647	8409824157	928310510
3000	163,392	13435211072	2696671107

3, Multiplication V2 Single thread

Dimension	 Time	 L1_DCM	 L2_DCM
600	0,284	27277187	6252769
1000	0,927	125943633	64046880
1400	2,529	346519329	177194054
1800	5,325	747196800	378989694
2200	9,861	2088049375	676574810
2600	16,453	4414945991	1104262607
3000	25,241	6784918146	1697830741

3, Multiplication V2 Single thread (4000 to 10000)

TODO

4, Multiplication V2 Multi thread (OpenMP) - Working threads: 1

Dimension	 Time	 L1_DCM	 L2_DCM
600	0,210	27263227	7460474
1000	0,969	125918119	59993086
1400	2,645	347832186	165165749
1800	5,579	758015987	353492285
2200	10,337	2108713138	640006946
2600	17,205	4414651459	1048002939
3000	26,431	6784345014	1613403085

4, Multiplication V2 Multi thread (OpenMP) - Working threads: 2

Dimension	 Time	 L1_DCM	 L2_DCM
600	0,268	9678962	1118672
1000	0,815	42028614	9556892
1400	2,063	199374587	39682452
1800	3,132	380138204	191233083
2200	5,733	1054098973	347860723
2600	9,481	2207175638	573630877
3000	14,608	3392026487	880709867

4, Multiplication V2 Multi thread (OpenMP) - Working threads: 3

Dimension	 Time	 L1_DCM	 L2_DCM
600	0,133	9160268	2088946
1000	0,516	35051948	14145221
1400	1,598	159518869	30300915
1800	3,325	341050998	23945157
2200	6,009	646322161	60114565
2600	9,955	1035265318	73984784
3000	15,104	1617465450	133040065

4, Multiplication V2 Multi thread (OpenMP) - Working threads: 4

Dimension	 Time	 L1_DCM	 L2_DCM
600	0,150	5674559	777724
1000	0,440	21751987	5832482
1400	1,223	107677001	17174609
1800	2,608	311143844	39649808
2200	4,773	581023675	80235723
2600	7,751	929694795	111943415
3000	11,876	1395222738	154714736